window.xcords=[3.68091044725e-05, 0.000205413348023, 0.000108543840118, -4.94828967387e-05, 0.00014285760249, 4.89413631107e-05, -0.000114422860651, -0.000128737292143, -0.000124684973717, -5.94581475989e-05, 4.86932231859e-05, 0.000157859423981, -6.40665343676e-05, -0.00013559553851, -8.16528145121e-06, -0.000155592861577, -0.000157079176842, 1.88269822135e-07, 0.000109934623886, -0.000110353422142, 0.000249474156097, 0.00028819663026, 7.99506156699e-05, 1.60285086036e-05, 7.70216524811e-06, -2.91340577765e-05, -2.66477966067e-05, 3.94866479405e-06, -0.000175501231737, -6.03590761302e-06]
window.ycords=[-1.25614726939e-05, -0.000339707470086, -0.000133420473792, 0.000391846869419, 0.000150104584905, 6.90344090396e-05, 2.20806374468e-05, 3.39107666617e-05, -6.55045471226e-05, 0.000234760296989, 4.52158565839e-05, -0.000102497021602, -9.27992774282e-05, 0.000320972742995, -0.000230879810338, 0.000311847074792, -4.18472773145e-05, 0.000177922899661, -0.000242102357685, 5.69510147594e-05, -2.5742880102e-05, -0.000100071618802, 9.77465696423e-05, 0.00027922690485, -3.08863162197e-05, -0.000246122671755, 9.08409779202e-05, -9.79655076483e-05, 8.91439521052e-05, 0.000255638493424]
window.zcords=[-0.000106275806117, -0.000100711094791, 0.000312584882844, -0.000143687732966, -4.10909410046e-05, 0.000205212017019, -3.61035387439e-05, -0.000355545683889, 9.17418988103e-05, -9.78261458668e-05, 0.000109971027198, -0.000111239859818, 4.03567189587e-06, -0.000303873349038, -3.69380119019e-05, 0.000225196367043, 3.87888681236e-05, 0.000138792435898, -2.77845946291e-05, -8.42096719376e-06, -3.98429884495e-05, -6.07327018411e-05, 1.6901293876e-05, -0.000118089385584, 6.62294765843e-05, -0.00016180148458, -0.000276660253494, 8.6913548036e-05, -5.84223808083e-05, 0.000103713274848]
window.names=[kissa, kissalla, koira, koiralla, hiiri, hiirellä, hevonen, hevosella, kukko, kukolla, kaupunki, kaupungilla, kylä, kylällä, tie, tiellä, järvi, järvellä, maa, maalla, tarjoilija, tarjoilijalla, opas, oppaalla, seppä, sepällä, ohjelmoila, ohjelmoijalla, johtaja, johtajalla]
